1.731014 553 8 0 3 13 65 0 0 0 0
1.734998 555 8 0 0 0 0 0 0 0 0
1.734998 557 8 0 0 0 0 0 0 0 0
1.736997 558 8 170 255 255 255 255 0 0 0
1.741009 566 8 0 0 0 0 0 0 0 0
1.742013 567 8 0 0 0 0 0 0 0 0
1.743993 641 8 0 1 134 160 0 0 0 0
1.810972 662 8 0 0 0 0 0 0 0 0
1.812967 663 8 0 0 0 0 0 0 0 0
1.81497 737 8 0 1 134 160 0 0 0 0
1.881931 559 8 0 0 58 231 25 200 0 0
1.883923 774 8 0 0 0 0 0 0 0 0
1.885911 775 8 0 0 0 0 0 0 0 0
1.88791 849 8 0 1 134 161 0 0 0 0
1.889909 761 8 153 151 152 151 152 150 0 0
1.894907 755 8 0 0 0 0 0 0 0 0
1.950887 763 8 2 0 0 0 0 0 0 0
2.042833 544 8 26 44 25 100 26 244 0 0
2.045819 545 8 0 3 13 66 0 0 0 0
2.046818 546 8 0 0 13 202 0 0 0 0
2.047818 547 8 0 0 0 0 0 0 0 0
2.049816 549 8 0 0 0 0 0 0 0 0
2.051833 550 8 170 255 255 255 255 0 0 0
2.053829 562 8 0 0 0 0 0 0 0 0
2.055827 563 8 0 0 0 0 0 0 0 0
2.05683 640 8 0 1 134 160 0 0 0 0
2.058826 644 8 25 200 25 200 25 199 0 0
2.061827 576 8 0 0 14 214 14 219 14 220
2.063826 577 8 0 0 14 214 14 220 14 217
2.065807 578 8 0 0 14 220 14 216 14 218
2.066824 579 8 0 0 14 218 14 221 14 219
2.068823 580 8 0 152 153 152 152 152 0 0
2.071822 586 8 0 0 14 216 14 218 14 217
2.073816 587 8 0 0 14 216 14 216 14 218
2.07482 588 8 0 0 14 215 14 220 14 214
2.076817 589 8 0 0 14 217 14 216 14 215
2.07782 590 8 0 152 153 151 151 152 0 0
2.082813 597 8 0 0 14 218 14 217 14 218
2.084796 598 8 0 0 14 217 14 218 14 216
2.085807 599 8 0 0 14 218 14 218 14 218
2.087794 600 8 0 0 14 218 14 219 14 219
2.088813 601 8 0 152 152 151 152 152 0 0
2.091812 608 8 0 0 14 221 14 218 14 220
2.09381 609 8 0 0 14 214 14 220 14 216
2.09481 610 8 0 0 14 220 14 216 14 220
2.096801 611 8 0 0 14 218 14 221 14 221
2.097808 612 8 0 151 151 151 151 151 0 0
2.102799 618 8 0 0 14 235 14 241 14 242
2.104785 619 8 0 0 14 242 14 241 14 234
2.106784 620 8 0 0 14 235 14 235 14 235
2.107801 621 8 0 0 14 233 14 235 14 236
2.1098 622 8 0 152 152 152 151 152 0 0
2.111799 629 8 0 0 14 234 14 231 14 233
2.113798 630 8 0 0 14 235 14 236 14 234
2.115797 631 8 0 0 14 241 14 235 14 236
2.117795 632 8 0 0 14 235 14 233 14 241
2.119794 633 8 0 152 152 153 152 152 0 0
2.121793 658 8 0 0 0 0 0 0 0 0
2.123787 659 8 0 0 0 0 0 0 0 0
2.124792 736 8 0 1 134 160 0 0 0 0
2.126786 740 8 25 200 26 44 26 44 0 0
2.132781 672 8 0 0 14 220 14 217 14 224
2.134768 673 8 0 0 14 225 14 226 14 224
2.135777 674 8 0 0 14 225 14 226 14 226
2.13778 675 8 0 0 14 225 14 208 14 225
2.139774 676 8 0 152 152 151 151 151 0 0
2.142776 682 8 0 0 14 227 14 225 14 224
2.143777 683 8 0 0 14 225 14 226 14 225
2.145775 684 8 0 0 14 227 14 227 14 227
2.146776 685 8 0 0 14 228 14 228 14 228
2.148773 686 8 0 151 151 151 151 151 0 0
2.151772 693 8 0 0 14 234 14 230 14 228
2.153766 694 8 0 0 14 227 14 230 14 229
2.154771 695 8 0 0 14 232 14 228 14 230
2.156769 696 8 0 0 14 209 14 229 14 232
2.158763 697 8 0 152 152 151 151 152 0 0
2.161766 704 8 0 0 14 229 14 227 14 227
2.163765 705 8 0 0 14 218 14 227 14 227
2.165764 706 8 0 0 14 227 14 227 14 227
2.167758 707 8 0 0 14 226 14 227 14 228
2.168763 708 8 0 151 151 151 151 151 0 0
2.17176 714 8 0 0 14 231 14 226 14 230
2.17276 715 8 0 0 14 228 14 231 14 232
2.174759 716 8 0 0 14 231 14 232 14 230
2.175759 717 8 0 0 14 232 14 229 14 239
2.177757 718 8 0 151 151 152 151 151 0 0
2.181755 725 8 0 0 14 231 14 233 14 232
2.183739 726 8 0 0 14 232 14 229 14 230
2.185738 727 8 0 0 14 231 14 233 14 231
2.187737 728 8 0 0 14 235 14 233 14 234
2.189735 729 8 0 151 151 151 151 151 0 0
2.191735 551 8 0 0 51 195 22 168 0 0
2.193733 646 8 0 0 195 80 0 0 0 0
2.195732 742 8 0 0 195 80 0 0 0 0
2.19773 770 8 0 0 0 0 0 0 0 0
2.198748 771 8 0 0 0 0 0 0 0 0
2.200747 848 8 0 1 134 160 0 0 0 0
2.202743 852 8 26 144 26 144 26 142 0 0
2.204741 854 8 0 0 195 80 0 0 0 0
2.205744 760 8 153 151 152 151 152 150 0 0
2.209742 784 8 0 0 14 247 14 252 14 246
2.209742 785 8 0 0 14 253 14 239 14 244
2.210723 786 8 0 0 14 240 14 244 14 237
2.211736 787 8 0 0 14 239 14 235 14 243
2.21274 788 8 0 151 152 151 151 151 0 0
2.214739 754 8 0 0 0 0 0 0 0 0
2.217737 756 8 0 4 46 166 0 4 47 130
2.219732 758 8 0 4 51 59 0 0 0 0
2.220731 794 8 0 0 14 242 14 224 14 215
2.221731 795 8 0 0 14 238 14 240 14 238
2.223734 796 8 0 0 14 240 14 236 14 235
2.225733 797 8 0 0 14 237 14 236 14 236
2.227713 798 8 0 151 151 151 151 151 0 0
2.228731 805 8 0 0 14 244 14 240 14 243
2.23073 806 8 0 0 14 242 14 242 14 246
2.232728 807 8 0 0 14 245 14 244 14 240
2.234727 808 8 0 0 14 241 14 237 14 245
2.236726 809 8 0 151 151 151 150 151 0 0
2.238725 816 8 0 0 14 255 14 236 14 249
2.240724 817 8 0 0 14 235 14 248 14 237
2.242723 818 8 0 0 14 251 14 237 14 247
2.244722 819 8 0 0 14 235 14 245 14 244
2.24672 820 8 0 151 151 151 151 150 0 0
2.24772 826 8 0 0 14 242 14 237 14 234
2.249719 827 8 0 0 14 237 14 237 14 238
2.251718 828 8 0 0 14 237 14 238 14 236
2.253717 829 8 0 0 14 234 14 236 14 245
2.255715 830 8 0 151 150 151 151 151 0 0
2.257714 837 8 0 0 14 254 14 242 14 244
2.259713 838 8 0 0 14 242 14 242 14 242
2.261712 839 8 0 0 14 239 14 240 14 241
2.26371 840 8 0 0 14 242 14 240 14 244
2.26571 841 8 0 151 151 151 151 151 0 0
2.267708 762 8 0 0 0 0 0 0 0 0
2.330672 534 8 0 0 0 0 0 0 0 0
2.730436 552 8 26 144 25 200 27 88 0 0
2.732435 553 8 0 3 13 65 0 0 0 0
2.734421 554 8 0 0 13 209 0 0 0 0
2.735421 555 8 0 0 0 0 0 0 0 0
2.737419 557 8 0 0 0 0 0 0 0 0
2.738437 558 8 170 255 255 255 255 0 0 0
2.740431 566 8 0 0 0 0 0 0 0 0
2.741435 567 8 0 0 0 0 0 0 0 0
2.743433 641 8 0 1 134 160 0 0 0 0
2.745432 645 8 26 44 26 44 26 44 0 0
2.751429 581 8 0 0 14 225 14 231 14 233
2.753423 582 8 0 0 14 226 14 232 14 230
2.754428 583 8 0 0 14 233 14 229 14 230
2.756423 584 8 0 0 14 230 14 234 14 232
2.758407 585 8 0 153 153 152 152 153 0 0
2.761406 592 8 0 0 14 227 14 230 14 230
2.76242 593 8 0 0 14 228 14 227 14 230
2.764404 594 8 0 0 14 226 14 233 14 224
2.765418 595 8 0 0 14 228 14 227 14 225
2.766418 596 8 0 153 152 151 151 152 0 0
2.770414 602 8 0 0 14 229 14 228 14 230
2.771415 603 8 0 0 14 228 14 229 14 228
2.773398 604 8 0 0 14 229 14 230 14 230
2.775397 605 8 0 0 14 230 14 230 14 231
2.777396 606 8 0 153 153 151 151 152 0 0
2.780413 613 8 0 0 14 234 14 231 14 233
2.782406 614 8 0 0 14 227 14 233 14 229
2.784392 615 8 0 0 14 234 14 228 14 233
2.786391 616 8 0 0 14 231 14 234 14 235
2.78839 617 8 0 151 151 151 151 151 0 0
2.790389 624 8 0 0 14 250 14 254 14 254
2.791407 625 8 0 0 14 254 14 254 14 250
2.792407 626 8 0 0 14 251 14 251 14 250
2.794386 627 8 0 0 14 249 14 250 14 251
2.795404 628 8 0 152 151 152 151 152 0 0
2.800401 634 8 0 0 14 249 14 247 14 248
2.802394 635 8 0 0 14 249 14 250 14 249
2.80438 636 8 0 0 14 253 14 250 14 250
2.806382 637 8 0 0 14 249 14 248 14 253
2.808378 638 8 0 152 152 152 152 152 0 0
2.810377 662 8 0 0 0 0 0 0 0 0
2.812376 663 8 0 0 0 0 0 0 0 0
2.814375 737 8 0 1 134 160 0 0 0 0
2.815392 741 8 26 144 26 144 26 144 0 0
2.820389 677 8 0 0 14 230 14 227 14 235
2.82237 678 8 0 0 14 235 14 237 14 235
2.824369 679 8 0 0 14 235 14 237 14 237
2.826368 680 8 0 0 14 235 14 219 14 235
2.828367 681 8 0 151 152 151 151 152 0 0
2.831383 688 8 0 0 14 239 14 237 14 236
2.833365 689 8 0 0 14 236 14 238 14 236
2.835363 690 8 0 0 14 238 14 239 14 240
2.837361 691 8 0 0 14 240 14 241 14 240
2.838362 692 8 0 152 151 151 151 151 0 0
2.840378 698 8 0 0 14 247 14 242 14 240
2.842376 699 8 0 0 14 240 14 242 14 241
2.844357 700 8 0 0 14 245 14 241 14 243
2.846375 701 8 0 0 14 221 14 242 14 245
2.848355 702 8 0 152 151 151 151 152 0 0
2.851372 709 8 0 0 14 240 14 238 14 238
2.853365 710 8 0 0 14 229 14 238 14 238
2.855352 711 8 0 0 14 238 14 237 14 237
2.85735 712 8 0 0 14 237 14 237 14 238
2.859349 713 8 0 151 151 151 152 151 0 0
2.860362 720 8 0 0 14 242 14 236 14 241
2.86236 721 8 0 0 14 238 14 241 14 243
2.863364 722 8 0 0 14 242 14 244 14 241
2.864364 723 8 0 0 14 245 14 239 14 250
2.866358 724 8 0 151 151 152 151 151 0 0
2.871355 730 8 0 0 14 242 14 244 14 244
2.873341 731 8 0 0 14 243 14 240 14 241
2.87534 732 8 0 0 14 243 14 244 14 243
2.877338 733 8 0 0 14 247 14 245 14 246
2.878355 734
